16 16
77 99 7 39 14 54 23 72 54 84 21 91 29 87 37 80
10 35 14 86 46 94 76 88 88 70 20 72 62 19 63 19
33 46 29 6 53 89 18 95 17 85 85 18 33 56 32 1
35 4 95 12 84 23 18 6 22 71 98 91 48 81 48 59
38 82 33 26 8 24 30 1 50 2 45 75 19 87 54 87
59 65 93 57 20 5 98 10 62 56 80 87 84 84 12 3
91 1 31 72 30 34 55 23 35 81 81 1 61 3 12 66
44 67 31 89 60 11 47 37 12 47 63 9 43 6 9 49
76 32 18 50 95 77 96 7 15 1 95 82 17 32 91 82
12 98 26 83 78 4 61 27 55 42 85 75 56 10 54 18
40 76 49 59 59 7 24 80 30 13 38 12 20 79 31 68
79 9 9 40 69 99 33 49 76 73 81 48 40 24 31 39
55 96 20 64 87 92 73 90 15 20 54 57 95 7 76 86
89 94 74 74 35 4 38 6 77 9 42 77 89 66 52 11
38 51 31 36 43 7 63 1 78 83 95 88 17 3 29 48
85 69 66 18 57 80 35 9 96 82 96 33 71 87 4 96
