16 16
85 38 89 55 79 40 12 76 44 91 59 38 35 33 10 77
69 51 94 96 9 76 98 32 67 1 65 82 4 46 35 99
66 31 74 20 9 49 26 18 31 31 93 33 95 29 14 7
18 36 74 64 40 59 83 50 89 72 57 26 12 6 86 39
57 43 35 87 69 59 78 95 60 30 20 8 84 53 46 14
80 7 4 92 99 7 4 77 11 34 5 24 23 89 94 54
35 63 38 73 33 24 61 96 47 55 98 30 18 18 76 23
9 1 6 90 49 80 27 7 37 23 10 1 6 95 88 72
96 78 77 15 76 30 55 15 12 35 62 50 22 17 88 54
82 83 9 20 73 13 42 1 47 81 56 2 71 85 70 84
96 95 42 54 81 38 85 95 63 81 80 45 98 85 20 21
33 88 77 57 48 12 75 82 9 1 87 75 91 18 72 91
71 17 89 95 40 20 56 17 43 61 84 19 48 33 62 29
87 3 66 7 24 79 10 32 6 3 84 87 81 56 19 87
4 29 52 76 31 31 54 91 9 12 12 54 48 32 63 37
96 48 11 86 39 68 18 82 49 66 3 87 59 1 19 80